Track1
LS : 
0.5342
0.0817
0.3667
0.0657
0.0603
2.1369
0.8743
0.8743
0.7526

WLS : 
0.5412
0.0689
0.2714
0.0206
0.0528
2.1524
0.8695
0.8589
0.7586

Track2
LS : 
0.5281
0.1342
0.3026
-0.0299
0.0624
1.9871
0.7543
0.9441
0.7934

WLS : 
0.5423
0.0731
0.2309
-0.0660
0.0617
1.9992
0.7491
0.9575
0.7782

Track3
LS : 
0.5300
0.0921
0.2779
-0.0333
0.0625
2.2478
0.7528
0.7542
0.8352

WLS : 
0.5247
0.1030
0.3090
-0.0430
0.0656
2.2494
0.7504
0.7515
0.8378

Track4
LS : 
0.5518
0.0968
0.3207
0.0291
0.0585
2.2876
0.6924
0.6928
0.8398

WLS : 
0.5533
0.0862
0.3184
0.0915
0.0585
2.2854
0.6878
0.7011
0.8371

Track5
LS : 
0.5510
0.1125
0.2895
0.0353
0.0592
2.1598
0.7753
0.7944
0.7777

WLS : 
0.5587
0.0697
0.2630
0.0832
0.0659
2.1642
0.7755
0.8025
0.7696

